PDE  1999 01 01 00 00 00.00  67000 67000 -25000 4.2 4.2 hom_explosion
event name:       hom_explosion
time shift:       0.0000
half duration:    0.1
latorUTM:         0.
longorUTM:        0.
depth:           2.0
Mrr:       0.
Mtt:       0.
Mpp:       0.
Mrt:       1e18
Mrp:       0.000000
Mtp:       0.000000
